701
868
553
834
543
1184
615
353
1276
888
1170
594
713
574
519
741
622
516
1134
105
692
638
660
9
121
546
650
9
470
674
121
601
550
607
896
619
657
884
614
626
554
569
526
5
546
64
578
700
536
226
694
231
818
661
373
661
594
144
554
186
594
147
522
508
421
555
613
969
129
78
64
589
592
59
867
15
85
178
47
260
276
127
659
70
181
522
598
543
93
68
684
65
728
316
603
4167
169
615
515
123
502
15
25
528
149
76
136
76
502
505
116
264
1085
550
128
1087
554
501
533
100
24
322
886
93
524
516
177
495
502
515
151
160
171
751
237
655
151
119
127
141
530
354
81
770
598
249
527
249
421
370
663
240
119
103
534
543
77
83
35
35
47
883
630
560
617
559
23
58
1666
1
914
194
1013
136
104
14
794
597
139
780
602
565
68
1538
561
611
582
77
422
692
537
45
546
111
264
257
76
55
29
288
637
325
177
505
6
83
1101
80
540
103
155
137
1060
570
1003
310
502
37
117
216
93
233
832
759
26
577
61
29
495
506
21
118
65
584
198
262
77
63
39
183
54
165
13
5
962
23
3
16
63
165
40
60
267
146
9
32
337
34
541
466
199
87
63
178
1
490
18
196
31
135
111
24
7
26
491
410
525
251
395
14
1120
541
600
435
586
146
509
796
65
2
537
90
793
225
168
1370
690
1
14
236
179
11
176
39
69
87
966
588
134
545
213
551
107
22
1053
752
367
88
445
51
225
48
117
47
56
133
30
541
49
107
229
46
343
637
45
563
97
95
68
3
46
76
65
185
46
115
50
47
13
61
45
31
55
10
43
52
149
915
604
43
98
2613
59
168
67
419
43
12
20
45
4
510
5
11
80
20
169
44
15
57
69
111
2
91
84
1
14
4
42
509
335
191
72
35
13
21
26
21
4
39
110
1034
26
420
193
693
67
100
100
662
41
803
372
100
13
136
26
106
25
14
106
83
18
9
47
118
44
363
135
298
586
174
20
1557
546
26
36
285
541
713
551
395
586
134
583
441
277
2
519
18
80
92
531
152
161
120
180
477
119
675
665
103
686
793
312
160
119
558
7
529
16
647
2
128
570
709
671
18
609
472
132
599
58
118
61
871
53
245
309
124
54
619
129
602
18
529
101
455
771
541
476
500
84
100
400
298
77
237
654
37
115
47
1
653
25
240
67
125
220
161
10
2874
57
513
550
526
84
74
535
158
43
241
566
88
48
321
84
541
63
47
547
363
46
536
144
7
52
29
392
194
47
192
514
419
158
585
505
35
31
719
49
555
27
543
7
84
36
54
69
179
22
678
549
101
71
524
204
95
422
106
1
596
116
23
20
137
246
842
184
40
592
179
268
20
28
129
250
42
205
48
349
183
779
90
760
155
559
11
143
230
80
743
15
70
12
52
779
63
240
77
750
51
63
12
595
146
31
294
189
107
133
175
510
36
303
8
1559
852
156
4
797
12
512
536
115
107
1
149
468
557
119
579
629
117
5
69
94
673
498
25
133
1018
56
172
46
51
763
1533
197
51
178
763
107
874
41
310
684
158
12
454
10
26
157
78
31
403
139
54
109
778
257
1025
428
14
332
67
53
97
573
679
154
1121
118
504
143
13
558
826
10
67
154
1267
43
426
219
478
582
166
177
17
82
34
24
40
1015
51
524
291
515
104
6
91
16
505
210
81
86
164
499
125
40
206
288
393
64
518
591
101
44
64
156
574
529
67
741
502
531
3379
134
107
10
109
39
369
705
744
455
49
535
34
21
72
604
95
12
179
281
403
53
40
29
16
173
87
221
79
85
124
28
175
324
588
7
26
80
50
18
84
566
198
2
227
1092
355
36
11
133
105
289
82
714
518
87
362
590
743
138
199
66
515
16
514
162
644
429
59
708
66
504
20
56
509
568
9
109
60
537
64
140
152
158
504
693
513
131
90
6
121
12
200
1
763
52
547
257
580
144
524
183
22
780
72
46
514
385
230
315
446
153
382
112
90
502
18
65
33
237
496
679
177
18
886
72
16
613
7
14
22
236
14
26
18
6
135
255
8
12
16
14
293
10
209
1033
85
28
56
215
10
39
18
14
1
1
68
37
9
86
21
47
11
15
20
58
4
527
51
21
220
510
197
349
299
22
236
505
39
284
2
32
64
112
714
9
9
75
68
116
47
131
170
91
50
53
55
2
69
905
19
8
656
78
941
27
727
54
173
621
126
170
823
629
23
204
29
500
5
724
147
97
41
144
5
759
26
40
45
63
106
26
85
33
210
17
18
618
148
48
163
27
25
93
594
89
32
184
40
143
104
527
20
198
678
541
44
15
17
601
689
1
3
559
127
14
666
21
184
544
124
654
101
2
110
55
27
309
52
337
717
318
237
54
137
225
526
8
54
93
63
32
535
175
34
552
548
519
53
510
29
66
34
551
116
29
97
129
169
24
565
52
548
22
1035
75
568
72
57
191
55
502
68
38
640
530
620
117
626
398
228
101
209
43
19
32
38
790
13
195
122
508
179
731
515
113
9
333
516
1531
31
1032
599
678
30
88
131
310
50
791
610
4
303
177
277
121
512
468
720
97
124
5
12
122
273
105
503
106
3
114
87
17
90
726
30
445
401
47
67
37
9
12
6
32
119
22
38
102
13
30
57
148
43
20
15
84
87
82
482
73
80
7
864
90
134
31
78
17
29
34
10
106
31
162
235
109
241
10
176
13
18
292
702
233
14
15
46
43
97
87
328
45
25
298
154
585
15
40
19
64
143
17
40
49
89
52
679
126
391
96
669
62
520
142
32
40
419
231
6
321
95
71
90
114
26
17
192
18
45
82
124
112
227
44
79
46
20
41
160
490
67
71
124
127
419
35
24
404
27
79
6
358
48
521
177
15
585
8
29
305
580
98
55
8
526
370
117
19
126
30
74
531
48
9
719
29
844
205
225
34
1
11
219
31
102
120
106
13
112
419
6
512
816
383
125
501
167
22
82
118
69
506
40
73
14
597
742
200
61
713
563
3
743
176
100
1135
502
19
142
70
52
5
505
142
55
145
174
557
525
85
115
421
260
28
33
71
123
510
600
548
69
55
88
81
68
562
218
29
29
565
30
1367
331
22
366
46
13
218
14
1031
147
320
163
147
234
48
1
555
561
56
47
8
792
187
141
493
200
137
370
93
489
600
1144
82
22
5
70
18
97
564
659
453
274
2
44
540
549
94
21
8
15
333
719
86
24
23
37
1
644
95
14
514
269
511
266
824
55
56
51
8
16
192
514
356
77
247
6
607
90
12
126
204
167
536
234
83
45
450
89
87
75
18
201
1
561
530
156
159
289
359
86
7
296
104
22
599
29
49
889
58
72
94
13
23
185
380
507
760
20
590
1313
69
16
557
189
567
391
50
521
512
270
10
283
530
240
408
105
108
19
509
7
1021
7
46
13
22
803
3
6
21
36
136
14
53
37
7
139
70
17
53
160
47
6
24
105
43
39
63
551
1037
101
316
43
11
111
132
50
45
260
65
67
67
60
134
255
116
54
52
320
115
121
415
75
214
132
104
146
522
24
5
78
445
1
99
13
68
101
12
78
7
706
133
113
68
72
64
504
190
528
512
8
17
58
689
62
36
522
78
1990
119
231
20
44
512
525
616
71
726
44
94
297
6
50
9
3
165
47
156
12
27
566
75
918
10
7
29
57
46
37
153
161
167
57
26
89
21
540
60
90
1023
310
415
107
1173
25
96
13
42
35
82
82
383
64
3
28
88
106
91
987
13
64
180
289
21
75
40
547
213
469
29
294
10
7
31
60
58
204
179
103
89
517
50
448
24
86
9
145
3
535
27
584
83
7
147
59
262
742
320
240
618
138
83
902
119
630
33
72
43
328
554
15
114
12
539
21
171
18
837
34
44
158
181
94
24
114
13
38
81
100
135
160
932
46
117
199
616
123
5
17
66
559
140
54
287
502
656
192
169
244
502
39
159
51
233
16
2
18
510
650
56
15
113
233
278
65
117
54
52
1132
129
113
12
136
48
553
70
243
123
125
613
169
644
505
22
483
532
73
126
151
261
41
261
514
572
568
18
108
253
97
117
548
212
23
289
612
463
739
46
143
2
217
192
33
43
28
14
13
102
16
49
26
18
18
3
53
396
307
490
10
818
52
112
20
206
44
46
35
38
54
520
101
267
37
263
18
19
109
28
57
39
21
24
515
511
1
966
111
556
137
2
356
87
538
1177
13
19
692
52
47
29
111
545
504
154
11
7
62
565
73
1
99
30
123
300
31
400
78
69
628
26
707
515
39
5
39
586
125
208
251
18
12
27
17
43
267
28
594
541
513
362
44
39
463
143
15
9
67
67
58
11
828
9
141
630
243
23
287
203
524
8
517
59
25
227
234
1
134
135
270
102
577
514
57
46
4
1
27
106
157
1326
532
21
10
189
587
566
646
368
49
523
47
50
991
102
554
38
25
15
221
124
612
529
280
671
155
579
494
581
975
153
629
102
251
278
553
41
380
377
586
617
131
671
16
22
24
8
551
30
128
7
62
232
6
215
49
28
505
82
94
105
605
520
37
63
255
137
14
16
71
143
59
41
68
129
48
55
163
36
46
81
48
46
45
71
178
22
58
23
25
124
49
45
73
1083
35
30
15
11
17
48
38
64
115
137
33
43
194
134
14
30
32
803
372
661
44
6
61
41
144
141
160
63
12
12
1125
52
13
61
41
16
17
12
15
48
47
99
38
76
232
176
53
282
26
7
128
15
90
371
386
1
124
14
75
3
95
29
8
39
30
21
64
41
59
78
40
73
110
21
26
62
16
150
80
56
88
34
810
14
11
41
321
93
63
96
11
15
17
203
25
17
123
14
80
145
10
40
302
54
22
207
119
287
96
181
52
39
156
4
183
92
66
39
61
53
40
977
44
146
39
741
9
44
48
231
163
133
125
46
71
47
406
28
79
68
51
112
14
75
428
7
11
94
57
144
148
6
13
46
21
51
196
281
4
7
15
199
3
8
31
86
8
18
107
250
213
106
10
51
226
27
32
212
25
267
20
14
26
140
51
15
115
41
126
42
47
4
26
50
9
12
467
40
10
104
17
12
10
44
69
67
1095
2
12
157
17
339
22
143
36
119
10
71
396
15
8
10
4
34
95
24
21
18
16
3
179
45
88
256
22
11
8
90
6
15
70
7
20
71
88
12
11
29
121
4
179
28
3
33
136
25
93
50
50
47
187
47
28
47
21
52
92
29
31
3
46
84
26
61
205
53
106
43
32
49
85
38
43
78
86
41
269
53
182
66
404
16
163
12
50
215
48
39
40
95
19
45
60
37
47
43
42
192
86
159
67
3
182
43
48
337
13
113
114
313
18
144
425
148
14
17
138
26
49
119
136
17
48
22
6
3
21
70
17
35
5
57
48
23
18
71
20
34
424
2
3
210
35
25
151
66
340
14
163
10
15
47
12
115
18
191
27
66
5
8
21
1
13
82
34
6
26
84
9
123
19
100
47
20
5
7
4
20
60
4
422
11
41
77
42
31
147
502
62
40
109
94
585
66
260
62
476
48
47
214
6
15
57
51
89
315
94
25
63
40
49
42
20
40
33
31
107
10
42
17
38
44
159
10
66
20
25
41
75
53
126
423
18
19
41
56
15
25
127
47
114
43
48
18
12
44
20
447
2
49
6
37
10
21
134
12
12
11
38
57
40
93
8
40
18
67
59
29
50
49
196
46
53
122
237
50
46
53
798
45
364
113
50
99
59
121
8
27
99
346
146
8
16
14
182
28
639
57
7
47
147
94
26
122
62
121
48
52
36
29
2
46
53
93
13
14
228
154
40
10
4
49
130
19
9
479
18
17
7
38
22
37
7
19
9
296
17
14
36
29
102
122
11
13
18
129
98
16
10
43
14
19
22
40
13
130
168
6
11
26
40
1
47
24
12
219
11
5
628
96
135
296
127
68
43
14
1
27
14
4
58
38
10
59
10
9
118
35
95
49
15
11
105
10
81
56
57
58
72
114
15
407
107
11
11
11
2
33
19
126
2
38
18
84
67
45
27
10
519
97
64
30
15
11
43
7
46
2
27
8
272
83
142
619
93
14
25
553
67
7
312
143
18
11
49
59
75
66
108
31
151
22
30
218
68
7
46
69
64
77
18
123
21
41
129
125
147
153
52
32
120
1249
84
27
81
450
23
10
68
267
78
46
122
108
17
159
198
8
11
38
21
520
27
12
26
52
19
231
1
112
765
9
24
300
1
10
60
14
66
19
6
206
65
13
3
98
15
15
90
78
23
169
19
49
3
47
581
35
181
176
144
90
46
74
15
212
46
339
46
47
22
88
170
43
44
365
4
24
272
20
21
80
22
48
73
197
60
10
68
321
39
7
41
217
41
154
58
4
48
9
52
27
39
18
226
24
55
36
192
1
282
90
19
143
335
32
261
38
28
32
85
58
13
12
24
4
51
7
71
26
30
125
191
112
36
61
61
61
35
7
170
19
19
23
37
19
32
19
3
23
33
3
24
250
8
6
62
342
454
20
96
114
22
47
15
34
124
3
2
48
47
51
213
66
181
51
7
50
41
52
45
56
100
91
13
10
130
57
53
76
60
14
107
7
154
51
4
180
7
5
6
40
46
63
77
50
7
19
30
63
60
53
55
18
43
57
99
43
36
13
11
39
27
52
7
13
4
16
15
14
21
11
23
17
7
83
14
1
8
54
21
11
10
5
187
1
15
32
115
156
53
145
162
125
24
16
85
186
86
309
5
39
13
25
3
292
160
168
40
14
69
21
40
42
27
13
277
44
54
47
42
622
4
176
265
10
19
38
307
7
62
113
44
10
56
9
33
122
4
25
331
1
22
26
78
47
120
51
15
92
18
12
12
668
382
49
110
63
20
127
30
41
35
2
1082
86
45
129
109
555
56
278
16
47
77
36
96
2
58
60
24
278
46
38
55
202
18
50
7
18
33
69
253
7
55
45
74
29
69
10
304
150
1086
28
22
21
42
51
41
72
62
49
42
46
46
47
58
58
33
426
1
15
43
64
75
18
1
36
7
201
63
40
136
40
211
3
4
4
38
92
15
57
13
85
7
24
24
7
117
222
12
2
14
88
69
44
54
15
34
33
13
56
7
41
54
46
17
23
21
12
100
47
26
41
162
10
261
50
8
29
167
52
27
117
81
67
23
1
73
60
57
688
3
63
260
20
17
7
65
26
118
40
53
3
36
46
19
2
1
19
60
24
33
21
8
15
9
59
38
5
61
1
35
12
24
36
3
17
82
11
9
38
15
10
75
903
36
25
9
27
109
100
33
612
32
11
32
115
1
28
12
128
35
54
9
31
107
41
520
3
389
524
136
641
24
180
7
109
21
5
174
19
23
17
7
28
30
2
149
40
57
180
40
527
177
54
68
1055
35
56
326
25
537
61
564
25
252
232
128
32
142
57
223
587
685
190
26
252
12
119
117
82
288
570
9
15
114
2
27
438
18
132
63
569
126
41
433
200
46
15
21
17
41
117
37
11
121
206
26
209
22
109
410
24
5
59
25
289
22
535
18
100
10
25
12
13
11
902
1
108
111
15
59
118
21
17
265
40
28
516
60
12
144
54
15
45
101
408
123
210
449
307
10
47
5
3
9
26
111
538
125
12
33
69
28
172
152
39
22
70
188
3
6
190
29
202
148
523
265
58
317
17
172
13
20
26
46
11
15
196
9
537
53
7
86
312
12
69
12
326
248
18
15
257
115
15
28
518
103
27
511
569
500
204
3
358
201
82
93
549
7
56
408
24
1249
238
2
56
8
99
208
183
697
105
106
523
296
49
68
115
47
27
153
19
22
13
18
50
338
575
25
8
150
180
28
74
44
14
33
22
22
141
24
70
77
5
535
17
14
35
8
518
252
54
102
24
429
79
57
517
45
32
43
20
25
149
182
13
14
152
57
119
133
15
52
33
81
57
44
237
10
62
8
55
419
25
49
107
48
50
50
59
54
15
50
10
45
2385
156
39
32
103
48
51
45
101
49
49
22
63
14
83
24
36
45
47
11
56
22
69
62
17
13
14
1
84
218
19
3
26
129
16
21
6
11
24
102
40
62
110
6
10
11
133
15
14
52
15
15
239
15
409
7
3
176
43
18
22
21
10
9
16
85
35
11
296
75
12
10
1
17
6
29
29
89
316
70
44
101
32
45
244
34
21
3
74
74
43
143
592
7
11
359
57
18
70
107
14
73
18
260
75
49
10
124
1
47
321
55
44
10
12
63
117
272
59
137
31
40
46
57
147
29
109
128
41
18
137
46
20
56
52
85
3
96
18
46
4
17
10
12
67
18
93
63
21
79
66
40
26
3
10
108
146
10
64
81
26
476
2
62
12
95
14
154
103
19
569
551
506
139
527
19
8
260
7
12
14
233
530
31
118
558
126
31
247
9
9
134
57
136
510
8
373
223
39
514
511
40
91
31
38
108
15
175
54
103
161
325
244
508
39
21
89
182
35
79
12
510
124
533
15
1
98
8
27
565
8
91
12
23
556
19
131
219
41
103
583
546
2
33
523
413
17
23
124
2
540
569
551
22
114
408
46
132
67
207
33
714
2
580
72
191
167
38
29
539
132
929
2
596
639
272
193
140
533
667
22
617
589
17
69
52
117
31
27
59
34
492
555
35
173
8
52
9
18
11
210
153
198
14
173
2
16
389
39
86
32
34
28
3
219
33
83
76
49
3
418
7
13
31
335
9
526
3
407
461
43
29
40
452
310
515
357
167
27
68
21
9
83
87
62
251
17
67
28
10
209
157
107
109
344
166
158
81
697
98
106
530
492
7
10
7
15
157
32
23
3
61
391
32
58
178
9
167
562
108
52
28
3
11
46
533
18
131
67
17
574
567
140
9
130
1
207
41
131
14
127
17
140
6
49
95
13
12
10
63
6
54
15
12
18
51
161
52
17
410
29
2
2
24
27
16
70
32
57
15
11
19
38
176
72
183
56
3
8
248
31
21
4
66
11
101
130
561
7
21
23
20
25
208
55
48
18
47
99
18
446
24
88
41
50
13
81
62
19
431
55
63
47
265
27
26
136
61
42
128
51
17
8
7
48
49
58
17
67
5
26
201
72
293
21
59
6
88
17
35
9
35
109
61
143
14
62
21
54
23
71
41
14
12
67
19
16
65
114
23
29
54
34
79
105
65
245
22
136
683
95
133
112
69
43
138
77
249
117
65
98
10
43
41
82
73
316
122
110
15
23
20
56
44
30
329
265
276
21
6
42
170
378
16
27
33
86
33
83
17
122
22
21
42
30
22
8
677
1
43
905
59
253
51
259
525
53
68
16
21
47
154
118
172
552
292
87
1
66
8
11
29
354
22
5
56
302
19
69
10
229
516
55
12
513
185
6
300
47
18
79
4
13
32
40
105
28
229
26
31
569
82
69
22
14
93
353
54
74
488
120
26
222
402
91
27
122
2
16
61
9
182
140
49
76
30
502
42
54
230
180
44
42
26
515
150
8
21
486
146
136
16
111
163
201
43
78
16
76
22
25
178
24
529
89
1
36
40
34
65
390
323
53
44
27
79
8
25
2
463
1
35
2
24
42
67
67
64
20
33
21
74
215
88
137
39
24
50
615
35
51
50
181
555
46
47
55
805
40
8
74
44
44
52
52
19
19
11
233
28
119
9
207
37
4
4
38
12
12
208
16
39
6
7
128
18
31
3
1
25
34
10
25
151
64
14
12
38
21
37
61
16
9
205
64
57
49
40
62
92
13
2
44
98
210
8
11
8
11
15
12
3
3
31
4
5
12
16
9
56
27
25
52
36
18
75
15
512
12
14
44
16
129
86
10
6
177
31
21
10
28
16
48
108
24
3
12
8
141
44
129
102
49
11
309
52
133
17
11
5
10
10
49
46
50
65
45
77
57
266
12
1
15
48
231
52
173
41
45
45
14
16
67
56
197
213
81
110
52
80
62
289
5
44
50
72
2
327
68
11
62
8
6
20
12
463
96
213
16
94
41
268
401
34
256
26
4
45
7
12
9
353
6
42
297
11
146
36
10
11
18
12
31
79
2
16
12
23
15
47
326
27
14
107
44
2
87
388
51
31
322
17
51
14
160
382
219
347
134
7
43
11
12
71
25
91
23
105
11
25
18
92
56
73
2
37
72
36
47
124
11
268
610
58
438
275
2
92
33
56
5
39
11
22
34
60
46
292
178
197
37
49
55
159
39
3194
46
38
7
103
162
36
51
47
50
14
84
46
11
30
7
70
45
37
41
23
157
15
45
68
40
52
44
124
7
448
107
198
114
104
55
52
65
178
26
15
50
29
132
55
172
48
332
17
23
363
34
16
239
168
43
65
561
10
80
13
117
20
34
600
164
19
17
66
13
436
42
6
53
139
10
44
19
17
17
481
13
7
99
35
27
29
4
9
116
32
6
127
23
54
180
25
49
109
24
35
16
152
75
9
11
8
15
15
103
8
88
14
70
40
23
178
15
133
74
13
33
25
337
269
24
74
64
144
31
145
345
17
18
93
51
43
43
8
61
566
191
13
303
206
7
62
319
17
316
10
49
100
47
659
133
12
6
171
67
151
30
255
278
60
68
42
50
10
6
57
43
288
205
21
202
36
18
661
16
20
58
55
44
632
322
262
8
30
147
7
143
88
209
4
64
25
557
233
156
8
19
399
150
256
45
115
7
113
281
13
75
7
9
106
95
51
11
61
18
10
137
133
45
159
67
42
652
34
83
187
2
509
25
13
138
179
17
137
37
10
15
21
23
8
117
91
68
17
80
37
97
4
38
7
45
5
17
54
295
202
89
27
319
81
71
6
26
122
39
16
530
28
1
81
3
17
60
37
64
1
10
772
19
14
22
16
90
553
33
1
20
75
13
30
50
12
170
10
93
15
51
13
91
44
15
5
15
5
153
37
86
39
17
114
495
11
48
46
5
177
53
20
41
16
22
162
101
531
5
8
28
532
3
47
7
22
30
24
8
223
68
555
144
2228
304
176
583
742
26
101
187
5
23
513
273
11
237
21
4
15
249
37
127
21
238
10
4
13
51
11
54
64
39
171
40
35
15
26
18
16
24
7
627
61
342
530
1
28
34
847
236
12
74
14
56
13
35
58
18
514
239
117
121
733
5
35
38
426
1
10
124
31
141
4
46
17
10
89
8
32
17
59
73
2
210
27
69
6
77
445
262
4
21
385
420
9
2
9
509
18
20
6
29
144
88
121
136
151
69
3
634
14
527
14
46
41
26
13
12
237
19
38
45
142
321
530
21
43
45
500
29
53
543
507
17
186
501
107
142
593
117
89
510
11
45
286
24
12
107
484
8
507
2
16
175
288
30
39
49
99
89
3
25
3
113
93
64
46
49
55
20
46
185
54
48
533
1
24
613
14
83
13
64
3
8
335
111
44
30
111
120
94
55
14
21
29
33
66
62
53
18
48
355
23
22
258
567
43
42
43
15
88
51
13
3
22
10
8
4
179
22
2
19
36
311
11
85
55
64
187
518
2
209
59
18
3
125
9
41
113
180
40
394
27
48
279
22
394
504
68
32
5
132
62
94
50
42
27
384
31
70
273
522
580
167
565
158
13
536
71
284
94
612
74
11
8
10
172
330
85
19
73
58
301
3
47
5
654
38
20
3
7
22
554
43
315
141
209
14
564
93
62
139
261
10
13
5
5
119
6
113
220
3
29
28
67
14
92
9
51
10
63
377
69
12
134
15
6
18
11
11
714
45
153
59
35
74
100
41
23
190
192
19
757
55
621
186
162
4
56
71
20
298
4
472
500
537
173
196
12
168
40
19
92
638
144
27
648
20
63
469
206
62
53
76
9
25
19
75
389
98
102
62
182
203
18
32
73
59
12
14
170
31
41
3
90
60
41
529
47
89
137
179
4416
324
724
54
892
47
21
17
44
33
30
13
80
15
9
557
14
47
56
15
38
64
6
2
469
13
28
19
34
11
25
51
94
11
19
178
36
2
84
15
83
42
53
12
96
102
110
507
590
53
529
224
45
927
289
500
506
10
6
530
39
71
452
61
64
62
51
1239
583
53
16
772
117
22
10
42
41
509
22
102
300
1
125
28
44
3
153
140
152
601
32
4
16
270
721
225
606
11
63
172
41
781
287
944
1
21
14
190
724
140
88
16
11
10
54
14
747
7
55
357
23
199
11
40
62
224
25
59
127
24
37
28
18
46
552
12
41
121
175
123
12
23
577
7
195
160
515
10
71
4
138
111
129
17
97
542
33
160
86
13
8
32
54
533
32
19
6
23
13
764
23
76
37
25
179
47
32
126
28
416
58
507
12
10
46
142
142
132
26
17
25
28
32
14
17
626
29
52
528
226
160
48
103
53
321
11
46
261
35
3
525
1
17
512
527
14
74
19
5
5
36
84
37
9
141
71
176
432
86
130
222
641
91
32
120
179
133
72
149
60
7
598
52
179
16
802
177
628
533
35
34
235
82
523
40
50
71
14
22
52
406
28
546
302
55
47
47
214
14
47
916
123
31
175
72
35
42
30
33
18
118
370
5
268
141
96
28
19
118
289
10
4
36
509
521
18
2
21
38
642
126
40
57
623
488
52
81
57
270
107
41
22
240
82
54
27
121
74
1127
132
19
91
18
495
8
35
139
115
47
122
28
64
170
14
65
23
16
15
13
76
12
57
22
34
3
53
104
17
10
17
23
16
114
57
31
10
39
13
33
10
9
48
11
99
9
22
28
60
101
10
49
4
4
12
69
17
8
22
4
15
6
47
84
39
8
154
11
10
12
7
8
24
261
34
57
14
25
32
32
133
9
82
160
54
6
10
294
76
39
1
34
20
138
21
182
207
82
182
96
317
33
45
146
101
45
77
43
132
6
106
67
64
108
3
13
10
32
76
42
150
49
61
13
111
26
168
11
59
13
58
5
52
8
41
175
157
122
40
14
63
10
12
44
26
5
234
4
3
13
114
58
44
23
11
5
57
80
242
58
6
31
106
100
55
263
19
79
41
257
177
47
147
242
8
49
44
109
23
1
281
116
123
18
23
105
20
561
4
30
44
129
26
542
5
15
30
580
329
688
11
49
29
132
517
250
170
117
42
10
3
16
40
27
36
105
49
85
25
59
44
49
382
4
68
86
85
58
89
36
228
46
108
57
10
143
686
32
13
21
49
17
73
91
6
17
37
1
235
39
19
40
130
508
519
44
53
459
40
765
3
35
713
24
101
53
44
134
61
18
636
18
510
21
6
502
32
15
717
287
92
394
7
210
23
39
35
511
53
21
73
243
32
6
25
2
102
46
7
6
219
1130
84
89
77
406
15
6
7
504
53
141
514
1
10
229
42
111
2
15
24
59
9
57
304
20
517
362
9
134
11
118
3
15
26
2
61
36
6
162
54
49
110
67
129
14
133
472
33
462
54
581
130
158
118
4
5
4
14
40
52
29
46
34
74
2
26
207
28
563
177
13
533
26
85
9
286
152
728
64
1052
120
106
162
24
328
39
158
23
443
291
14
4
441
27
90
14
51
550
47
12
64
120
538
116
12
101
55
26
16
12
38
416
562
39
194
958
179
58
37
518
47
13
22
142
412
12
20
26
41
19
57
8
2
39
1
1
132
249
720
281
66
550
554
142
94
55
15
13
110
53
15
39
412
94
211
3
543
38
35
254
238
17
135
99
175
43
91
41
149
199
71
124
236
144
34
25
179
20
18
558
51
29
549
43
6
568
11
63
21
711
115
45
44
272
89
18
103
2
26
14
25
55
174
47
41
12
300
27
130
22
78
151
34
7
10
26
3
16
35
9
23
36
62
15
13
146
27
17
21
43
10
47
24
20
12
1
8
279
24
3
13
3
17
18
30
18
17
13
80
16
126
31
31
18
2
14
5
55
51
45
24
8
22
13
10
8
13
80
8
8
20
11
257
26
8
28
64
146
150
7
10
64
46
363
55
60
28
15
34
9
4
41
5
16
48
41
45
18
27
19
131
9
32
48
24
30
34
112
56
127
89
69
176
44
120
40
37
23
74
14
528
59
96
44
276
5
47
22
61
74
80
108
36
44
877
15
32
124
84
60
22
189
36
103
19
6
6
252
36
17
26
5
273
30
79
27
15
15
113
30
45
271
13
13
24
14
111
14
3
55
45
12
18
14
4
201
5
93
49
34
126
36
550
12
32
13
29
86
11
10
76
34
62
38
65
110
9
14
14
114
38
906
21
28
17
34
18
183
10
121
15
128
48
10
82
76
19
9
2
106
13
87
19
26
111
26
32
45
13
194
81
42
135
135
104
112
83
31
53
36
51
46
15
59
34
54
60
71
59
13
14
12
49
17
55
40
123
41
48
3
199
58
11
1
230
14
19
52
443
2
10
61
43
8
353
64
13
502
425
38
10
34
12
13
264
508
4
25
21
8
246
23
249
18
6
10
27
90
193
101
103
4
39
16
10
10
21
1
16
83
13
90
283
5
6
3
506
93
855
65
140
429
6
5
519
505
14
215
5
100
609
5
554
41
137
10
227
28
22
6
8
57
27
52
126
1
151
76
108
27
2
125
13
26
40
14
36
993
29
81
6
3
30
510
3
23
64
697
30
30
11
522
13
362
232
139
68
324
36
126
29
519
46
29
4
42
21
45
14
25
497
517
33
23
5
38
101
10
82
19
103
21
12
7
3
510
12
78
17
79
385
513
634
59
32
463
150
2
39
58
178
300
248
98
33
14
79
111
273
9
294
94
415
29
49
320
103
20
4
62
23
7
23
601
172
7
83
448
11
30
32
62
65
4
16
36
77
407
353
20
119
14
4
102
250
19
197
9
799
113
80
153
41
32
51
60
583
76
280
2
3
9
450
19
501
122
25
48
7
121
17
311
27
67
9
1064
39
111
122
66
266
136
298
122
564
322
53
50
16
60
112
170
17
36
63
30
43
40
282
4
107
101
605
104
51
6
41
52
25
5
99
602
86
133
15
47
23
14
75
15
605
70
26
172
103
6
13
197
913
19
57
8
129
7
52
11
64
59
24
62
168
1191
213
517
12
176
42
66
13
5
2
8
502
721
511
32
21
30
118
17
569
20
3
515
84
10
256
23
2
515
63
24
535
283
21
41
33
5
12
127
120
12
3
48
20
75
210
505
24
243
10
185
54
95
55
5
24
2
17
115
2
205
36
216
3
119
20
8
29
508
570
631
47
221
119
14
240
24
31
23
21
21
36
29
15
27
168
395
181
9
25
107
23
118
2
339
23
60
515
361
127
116
100
8
8
137
7
92
23
184
514
43
69
93
142
23
66
33
552
5
565
1
5
502
72
141
32
276
503
160
10
15
106
9
21
153
9
43
27
15
229
540
9
11
84
20
288
40
590
6
36
507
20
541
7
16
511
16
17
108
29
321
30
328
308
26
92
19
16
20
53
21
3
338
43
119
76
196
97
95
151
73
122
119
16
19
37
42
543
69
416
29
14
513
19
85
114
304
500
125
111
10
13
16
235
21
565
4
20
1
778
17
1
12
4
36
11
34
8
43
11
46
147
66
16
5
4
44
566
10
38
532
23
258
589
503
97
215
225
312
63
397
27
2
388
27
121
18
237
5
13
12
11
63
27
3
58
9
82
34
42
314
50
598
418
186
7
36
33
36
42
55
36
10
65
155
149
11
72
74
42
302
182
539
4
7
109
129
552
25
505
69
5
498
232
23
146
26
53
434
417
82
29
9
129
423
111
5
94
347
161
110
40
25
29
16
31
54
329
34
111
9
66
29
56
49
328
30
572
1
72
7
139
72
26
162
166
53
289
54
17
59
646
368
11
503
390
137
53
577
118
51
100
8
58
11
38
58
249
60
694
8
3
1
157
407
1
387
2
33
3
8
45
533
192
57
15
10
44
583
110
618
55
36
91
125
10
44
65
17
10
30
13
89
22
13
465
460
8
262
1
33
146
10
37
97
28
79
97
30
29
2
125
15
62
531
17
2
7
37
133
63
305
208
111
17
46
608
252
4
71
116
77
8
50
146
23
88
110
5
19
202
28
314
9
12
149
59
518
11
20
99
120
418
713
150
239
9
56
447
179
12
20
372
146
108
45
126
52
49
307
49
55
44
374
46
82
294
147
62
34
8
51
119
24
6
80
18
65
906
52
370
145
13
252
101
510
45
21
15
101
19
87
15
12
15
471
96
38
26
12
30
294
32
66
108
210
8
6
210
20
90
9
452
18
372
314
535
238
3
7
2
52
63
26
12
5
36
17
120
532
75
25
616
523
7
145
37
37
11
26
97
4
12
148
57
6
25
137
39
20
234
5
3
12
4
56
27
32
14
17
3
29
7
4
47
138
61
41
3
42
35
26
133
52
553
134
356
306
521
23
220
296
565
71
257
4
9
224
14
45
102
39
21
4
149
19
3
81
24
468
14
17
47
103
7
49
30
7
11
29
9
22
19
15
258
18
309
44
29
17
151
68
543
223
92
74
128
148
39
422
10
16
10
235
59
122
19
70
115
2
9
14
77
174
253
11
133
534
88
254
24
91
7
17
24
61
55
53
342
12
50
86
12
71
302
178
229
520
201
37
16
57
31
124
14
24
226
17
37
120
99
885
20
91
7
534
27
39
8
96
36
31
6
34
225
183
20
403
25
501
32
622
81
43
41
10
61
20
141
19
44
24
3
10
5
77
15
7
21
148
32
255
70
301
3
80
537
12
52
82
19
505
90
25
217
17
353
263
153
142
3
33
113
34
43
75
19
2
154
40
21
295
11
38
85
141
56
27
59
29
1
6
3
28
25
154
63
26
182
120
31
4
42
21
19
21
93
420
73
5
98
28
13
43
43
19
6
15
131
232
9
188
20
29
97
91
17
107
63
55
45
28
28
13
125
71
247
605
173
17
39
100
378
35
510
35
9
126
319
460
163
516
10
73
22
113
214
348
54
37
173
45
10
4
69
280
111
228
2
520
7
42
22
103
119
50
6
7
502
4
59
5
1
38
6
9
523
3
514
328
64
176
32
60
388
24
29
43
7
3
193
516
220
1
22
59
88
100
11
547
12
16
15
15
5
28
87
36
1
113
612
276
11
19
234
536
40
12
13
16
45
554
39
267
76
67
12
84
108
255
119
161
6
27
42
57
15
7
24
92
1
28
67
45
16
44
52
19
200
796
42
111
218
18
148
11
215
50
126
27
24
241
11
2
170
129
6
547
104
14
101
16
138
51
46
5
509
181
18
70
4
15
512
109
15
204
4
65
2
60
3
209
42
28
1
30
139
129
110
32
103
509
46
2
33
55
36
30
127
8
518
7
243
7
7
7
167
50
3
4
36
29
222
4
45
12
32
59
17
24
6
19
573
49
33
3
43
333
15
167
178
187
719
490
574
4
33
99
591
7
48
2
49
425
516
46
1
207
288
26
3
355
536
5
27
48
128
5
11
16
152
14
15
25
4
184
504
39
33
54
10
92
222
73
25
27
79
105
50
923
39
172
52
59
23
150
25
10
22
513
319
19
49
9
31
7
24
104
7
3
620
42
221
130
126
299
36
20
52
16
6
38
41
10
463
4
552
26
27
21
236
139
198
95
23
16
63
31
154
39
31
8
46
64
531
68
35
93
186
4
510
304
531
175
40
17
37
148
8
513
5
527
68
3
258
31
293
13
34
3
35
527
237
324
20
7
508
424
278
521
540
83
77
17
158
12
49
5
159
193
38
127
24
1
134
8
27
369
501
38
66
80
21
8
4
68
81
3
346
533
21
26
508
9
4
99
32
20
8
527
68
12
97
787
38
10
100
472
152
31
70
13
63
7
153
326
17
5
25
24
527
9
32
5
74
59
57
92
16
456
20
559
113
544
33
1
10
88
120
1
50
187
88
49
13
65
696
66
21
75
38
154
4
13
205
520
504
20
173
19
128
11
59
120
140
10
11
35
239
45
282
3
31
120
4
250
26
61
6
14
4
27
1
590
89
271
94
24
206
28
434
17
76
50
110
247
543
6
150
4
596
37
17
72
452
12
1
433
195
156
65
34
231
21
27
50
57
78
4
49
349
34
19
82
144
6
24
18
660
41
8
543
16
3
6
2213
70
10
93
139
12
45
158
30
3
15
13
22
532
280
482
17
159
38
12
498
8
141
234
96
50
13
99
46
11
495
3
6
10
625
21
4
15
12
65
4
32
9
117
5
554
10
824
7
2
2
344
507
32
278
64
182
1
511
412
1
68
8
23
7
44
11
7
62
65
6
12
4
162
20
13
508
4
5
1
12
35
36
61
4
29
12
11
8
30
25
27
9
351
55
159
42
189
57
496
12
35
46
25
341
5
84
21
107
13
111
481
28
2
145
310
25
28
35
40
2
47
79
133
434
71
9
73
64
8
12
513
27
40
113
16
4
11
91
534
19
10
182
1
49
76
2
32
321
152
14
171
253
64
497
573
30
130
5
40
42
345
39
41
152
9
1
30
50
3
29
8
1
14
19
65
15
24
16
14
541
508
119
10
420
21
43
477
68
37
96
4
145
59
38
573
19
94
38
15
41
609
11
1076
190
9
149
4
44
21
316
5
131
465
40
91
120
480
25
226
40
55
27
65
177
43
276
223
5
1
65
143
88
13
29
23
54
31
419
10
16
32
654
190
25
5
32
15
15
76
262
154
53
223
15
24
108
3
31
8
512
18
12
16
55
120
105
12
644
182
207
4
22
59
22
127
174
189
18
278
105
31
40
25
171
14
20
46
75
6
22
3
8
18
31
3
26
5
544
155
153
8
49
11
99
4
131
13
1
251
179
162
2
69
128
257
5
518
42
139
285
502
37
524
423
182
48
7
109
53
13
180
10
34
15
343
104
138
23
19
57
522
57
116
7
5
5
22
92
72
4
57
15
126
32
575
42
96
5
52
156
14
15
5
62
196
96
104
203
7
39
1011
138
6
526
229
4
73
8
281
8
80
44
127
79
17
144
21
1
10
82
59
261
56
543
23
130
1
2
155
575
393
49
14
136
92
36
57
22
554
155
26
2
19
13
519
112
249
19
43
90
19
16
7
249
4
12
68
255
9
5
41
95
20
14
3
87
547
1
142
503
131
32
44
24
100
27
324
16
60
41
1096
8
53
82
5
21
115
3
24
61
31
9
30
32
654
8
11
397
102
20
121
62
82
124
14
154
312
15
9
118
35
25
91
38
49
8
7
16
45
11
323
438
202
509
4
164
342
646
12
10
9
79
280
6
544
18
16
15
30
289
47
4
112
7
9
17
47
312
9
38
7
32
204
1
536
2
12
193
50
6
102
4
10
70
541
332
26
527
12
10
52
19
36
41
196
19
82
15
17
59
35
17
16
57
49
35
28
467
17
354
539
67
97
83
90
156
101
9
1
19
24
453
230
92
21
39
21
28
65
8
36
26
12
36
16
190
559
59
9
19
111
137
276
25
757
8
65
18
73
7
22
147
65
60
230
14
38
5
77
25
535
388
30
15
100
68
10
118
108
579
51
18
102
41
109
196
6
16
2
7
145
19
164
13
25
10
90
102
3
15
19
5
3
141
154
46
63
530
41
4
12
49
60
392
13
276
474
19
47
522
1
80
22
107
429
43
652
139
111
1
72
173
104
11
56
89
470
335
32
107
5
113
126
1
35
81
57
2
241
13
29
8
58
539
16
28
67
10
120
30
602
18
63
14
69
81
138
10
138
160
545
55
175
74
120
322
11
100
8
59
85
38
119
446
282
34
73
1
155
55
21
17
21
29
9
19
26
42
52
47
80
75
110
69
156
58
17
13
12
35
109
136
48
12
57
432
31
15
78
552
24
11
55
15
10
82
19
15
7
12
66
16
1
79
519
26
98
33
5
64
52
5
1
37
48
31
29
52
9
102
37
2
24
18
120
3
31
93
183
11
71
13
17
11
31
7
11
30
11
8
108
9
12
160
9
11
12
58
51
67
32
6
2
29
10
7
13
509
146
19
99
582
11
13
78
105
115
105
17
37
15
11
239
300
33
172
43
14
492
111
63
3
142
75
370
131
60
25
4
132
64
292
78
31
501
7
2
10
21
116
12
24
139
59
225
19
7
125
158
16
128
113
29
533
74
23
58
2
205
11
4
71
2
22
9
46
64
46
7
75
566
6
21
9
3
123
114
28
61
32
15
158
56
405
1
24
35
206
11
26
57
37
70
4
21
9
13
550
21
4
12
13
11
131
67
110
16
39
50
180
586
43
65
12
40
308
41
11
272
505
94
69
17
178
33
24
267
48
99
1
31
106
42
70
42
49
11
41
86
37
7
30
43
9
24
142
13
22
53
210
294
151
250
515
40
27
28
7
3
21
524
29
30
34
8
44
5
28
109
9
131
49
1
195
25
12
98
7
190
575
56
3
9
21
161
141
10
29
469
32
32
9
46
114
7
532
70
9
11
13
38
448
29
9
102
7
156
33
7
85
7
19
15
33
93
102
64
67
59
547
6
2
23
196
7
250
81
87
1
18
527
602
16
52
27
35
9
153
2
35
4
85
327
52
45
14
35
3
14
605
18
204
60
66
123
9
102
9
25
7
23
22
251
503
66
163
3
41
15
6
78
538
114
15
5
74
34
213
54
10
39
1
6
53
218
143
127
21
14
31
18
9
9
329
77
302
98
60
29
65
2
424
9
17
171
139
46
91
614
4
26
8
32
14
138
13
4
30
57
775
34
84
268
215
500
355
204
4
6
50
34
22
33
304
13
15
72
55
143
5
174
148
26
51
31
509
68
127
153
8
1
68
1
8
328
12
17
3
65
441
415
56
54
9
9
1189
39
62
253
141
13
38
5
23
10
325
28
52
229
135
14
24
15
14
56
39
64
104
12
33
53
6
34
16
3
33
51
492
84
634
73
425
63
57
18
59
9
17
22
18
12
544
16
13
169
60
6
285
36
6
21
2
9
75
68
87
7
93
7
147
12
114
868
29
41
8
67
461
11
33
137
23
541
28
153
325
92
70
30
27
35
2
12
4
131
47
567
240
215
18
40
58
179
115
5
54
3
41
55
9
100
10
24
4
82
75
24
7
682
15
10
203
324
273
65
285
38
47
15
42
371
116
154
1
17
41
524
11
17
12
7
241
47
8
231
2
12
6
9
16
5
36
15
386
69
16
8
258
120
31
2
174
25
31
220
194
33
10
133
26
157
576
5
13
125
15
506
68
190
28
500
8
30
85
161
6
501
113
44
21
17
55
168
18
16
7
24
7
12
40
20
158
65
21
53
10
30
200
11
51
76
69
69
49
16
254
172
114
112
2
2
140
28
35
62
573
179
208
38
154
16
116
30
306
552
9
23
5
17
16
11
46
20
17
327
14
274
773
77
10
20
22
15
6
18
51
137
43
143
45
9
504
40
42
15
12
517
5
21
28
505
20
32
520
21
157
18
1
20
14
5
97
11
14
24
25
15
19
5
131
628
2
12
34
39
502
2
13
12
18
521
3
6
31
151
42
122
445
39
126
104
19
18
144
3
320
168
37
63
51
12
3
56
54
670
113
89
332
89
8
5
14
36
543
22
121
27
16
102
578
83
6
104
3
12
79
8
29
19
265
13
3
218
45
458
1
75
2
17
287
572
49
69
35
82
109
153
22
59
167
172
16
51
552
1
560
41
220
64
130
154
79
144
6
4
10
18
12
12
24
156
19
1
16
59
3
143
8
4
72
316
9
66
11
6
18
70
32
99
6
25
14
97
22
185
115
28
699
5
66
43
25
138
10
10
42
6
206
114
165
384
342
514
48
70
7
10
21
289
19
6
86
13
5
1
44
510
8
10
27
15
16
15
17
10
33
12
8
144
160
85
24
32
17
34
83
10
208
513
19
50
63
54
49
48
534
9
37
35
35
487
42
56
9
21
527
121
13
55
11
8
9
62
128
473
11
18
69
609
13
29
120
35
18
132
149
17
9
99
26
15
80
108
77
32
62
462
476
10
27
4
9
88
380
23
88
133
48
155
22
172
76
127
48
12
157
38
28
6
20
28
5
432
12
107
103
215
28
10
116
93
25
127
2
135
32
22
23
122
69
134
29
51
95
14
156
15
41
17
115
232
36
72
16
185
62
5
69
286
43
29
69
277
190
7
1
64
542
59
14
41
13
13
30
85
273
46
253
220
18
13
86
10
15
108
18
13
56
266
40
99
54
63
24
5
84
38
579
1
75
140
470
605
17
75
27
517
125
29
78
4
101
10
59
31
39
224
24
96
23
4
303
20
54
247
11
24
8
56
335
20
11
74
39
53
8
1
19
2
501
48
29
103
1
6
7
221
21
57
253
519
241
15
34
25
21
213
15
142
21
237
310
539
8
3
503
505
4
323
420
54
17
3
35
541
11
364
17
20
24
3
33
29
506
3
15
29
11
35
8
111
113
404
292
259
22
44
146
26
36
21
70
91
9
531
543
390
114
3
179
95
5
51
42
26
14
30
5
17
69
135
13
33
62
24
178
86
194
153
130
88
15
147
24
16
30
544
42
33
7
376
77
97
14
9
2
32
71
2
49
89
96
41
1
26
60
91
96
13
90
558
7
24
116
220
49
301
9
12
47
3
2
12
2
62
5
33
30
24
129
37
21
46
38
10
176
10
382
99
12
57
512
15
19
25
21
3
44
19
153
151
13
31
118
36
128
186
110
50
35
2
23
79
78
193
60
